0.994131 0.005859 0.000010
0.992378 0.007612 0.000010
0.993260 0.006730 0.000010
0.997550 0.002440 0.000010
0.999972 0.000018 0.000010
0.992949 0.007041 0.000010
0.999980 0.000010 0.000010
0.993534 0.006456 0.000010
0.988402 0.011588 0.000010
0.982185 0.017805 0.000010
0.999782 0.000208 0.000010
0.999980 0.000010 0.000010
0.984302 0.015688 0.000010
0.999980 0.000010 0.000010
0.999980 0.000010 0.000010
0.990318 0.009672 0.000010
0.985782 0.014208 0.000010
0.999980 0.000010 0.000010
0.999980 0.000010 0.000010
0.993369 0.006621 0.000010
0.999980 0.000010 0.000010
0.999980 0.000010 0.000010
0.999980 0.000010 0.000010
0.999980 0.000010 0.000010
0.999980 0.000010 0.000010
0.999980 0.000010 0.000010
0.999980 0.000010 0.000010
0.999980 0.000010 0.000010
0.999807 0.000183 0.000010
0.988185 0.011805 0.000010
0.999980 0.000010 0.000010
0.999756 0.000234 0.000010
0.997215 0.002775 0.000010
0.999980 0.000010 0.000010
0.999980 0.000010 0.000010
0.999980 0.000010 0.000010
0.979318 0.020672 0.000010
0.998151 0.001839 0.000010
0.994355 0.005635 0.000010
0.999980 0.000010 0.000010
0.999980 0.000010 0.000010
0.999980 0.000010 0.000010
0.999980 0.000010 0.000010
0.997961 0.000010 0.002029
0.999980 0.000010 0.000010
0.999790 0.000200 0.000010
0.992312 0.007678 0.000010
0.999980 0.000010 0.000010
0.998487 0.001503 0.000010
0.999980 0.000010 0.000010
0.988965 0.011025 0.000010
0.997947 0.002043 0.000010
0.996759 0.003231 0.000010
0.992265 0.007725 0.000010
0.999980 0.000010 0.000010
0.904950 0.095040 0.000010
0.952811 0.047179 0.000010
0.933974 0.066016 0.000010
0.910408 0.089582 0.000010
0.938240 0.061750 0.000010
0.933911 0.066079 0.000010
0.929589 0.070401 0.000010
0.911585 0.088405 0.000010
0.949149 0.050841 0.000010
0.911003 0.088987 0.000010
0.922312 0.077678 0.000010
0.913108 0.086882 0.000010
0.928439 0.071551 0.000010
0.908958 0.091032 0.000010
0.941446 0.058544 0.000010
0.930582 0.069408 0.000010
0.930667 0.069323 0.000010
0.999530 0.000460 0.000010
0.999980 0.000010 0.000010
0.999980 0.000010 0.000010
0.999975 0.000015 0.000010
0.999980 0.000010 0.000010
0.989039 0.010951 0.000010
0.995729 0.004261 0.000010
0.999980 0.000010 0.000010
0.999980 0.000010 0.000010
0.999980 0.000010 0.000010
0.983937 0.016053 0.000010
0.999980 0.000010 0.000010
0.999980 0.000010 0.000010
0.999980 0.000010 0.000010
0.981983 0.018007 0.000010
0.999980 0.000010 0.000010
0.996848 0.003142 0.000010
0.999980 0.000010 0.000010
0.999980 0.000010 0.000010
0.999980 0.000010 0.000010
0.980158 0.019832 0.000010
0.993912 0.006078 0.000010
0.999980 0.000010 0.000010
0.999980 0.000010 0.000010
0.999980 0.000010 0.000010
0.999980 0.000010 0.000010
0.995552 0.004438 0.000010
0.996478 0.003512 0.000010
0.999980 0.000010 0.000010
0.997768 0.002222 0.000010
0.999980 0.000010 0.000010
0.945225 0.054765 0.000010
0.913078 0.086912 0.000010
0.933010 0.066980 0.000010
0.945257 0.054733 0.000010
0.932700 0.067290 0.000010
0.918724 0.081266 0.000010
0.919011 0.080979 0.000010
0.948597 0.051393 0.000010
0.946144 0.053846 0.000010
0.906593 0.093397 0.000010
0.963117 0.036873 0.000010
0.948940 0.051050 0.000010
0.938390 0.061600 0.000010
0.950202 0.049788 0.000010
0.936038 0.063952 0.000010
0.925897 0.074093 0.000010
0.903022 0.096968 0.000010
0.936873 0.063117 0.000010
0.929640 0.070350 0.000010
0.927468 0.072522 0.000010
0.941884 0.058106 0.000010
0.918453 0.081537 0.000010
0.926106 0.073884 0.000010
0.952725 0.047265 0.000010
0.947635 0.052355 0.000010
0.927025 0.072965 0.000010
0.932521 0.067469 0.000010
0.957204 0.042786 0.000010
0.916779 0.083211 0.000010
0.962052 0.037938 0.000010
0.927794 0.072196 0.000010
0.938947 0.061043 0.000010
0.917992 0.081998 0.000010
0.909781 0.090209 0.000010
0.950248 0.049742 0.000010
0.926839 0.073151 0.000010
0.946209 0.053781 0.000010
0.947213 0.052777 0.000010
0.936579 0.063411 0.000010
0.929207 0.070783 0.000010
0.954721 0.045269 0.000010
0.953068 0.046922 0.000010
0.949018 0.050972 0.000010
0.912712 0.087278 0.000010
0.946797 0.053193 0.000010
0.954181 0.045809 0.000010
0.947252 0.052738 0.000010
0.942953 0.051831 0.005216
0.916727 0.083263 0.000010
0.945550 0.054440 0.000010
0.967424 0.032566 0.000010
0.920944 0.079046 0.000010
0.939600 0.060390 0.000010
0.914910 0.085080 0.000010
0.979401 0.020589 0.000010
0.949101 0.050889 0.000010
0.943509 0.056481 0.000010
0.947834 0.052156 0.000010
0.940092 0.059898 0.000010
0.943529 0.056461 0.000010
0.906685 0.093305 0.000010
0.931409 0.068581 0.000010
0.923821 0.076169 0.000010
0.954427 0.045563 0.000010
0.940421 0.059569 0.000010
0.912951 0.087039 0.000010
0.942160 0.057830 0.000010
0.909398 0.090592 0.000010
0.915343 0.084647 0.000010
0.919390 0.080600 0.000010
0.932333 0.067657 0.000010
0.949077 0.050913 0.000010
0.934672 0.065318 0.000010
0.912625 0.087365 0.000010
0.960249 0.039741 0.000010
0.924751 0.075239 0.000010
0.938062 0.061928 0.000010
0.955685 0.044305 0.000010
0.961193 0.038797 0.000010
0.931167 0.068823 0.000010
0.947892 0.052098 0.000010
0.952486 0.047504 0.000010
0.000018 0.999972 0.000010
0.000014 0.999976 0.000010
0.000010 0.999980 0.000010
0.000010 0.999980 0.000010
0.000010 0.999980 0.000010
0.000010 0.999980 0.000010
0.000011 0.999979 0.000010
0.004771 0.995219 0.000010
0.000010 0.999980 0.000010
0.000010 0.999980 0.000010
0.000010 0.999980 0.000010
0.000016 0.999974 0.000010
0.000010 0.999980 0.000010
0.000010 0.999980 0.000010
0.000010 0.999980 0.000010
0.000010 0.999980 0.000010
0.000010 0.999980 0.000010
0.000010 0.999980 0.000010
0.005930 0.994060 0.000010
0.000010 0.999980 0.000010
0.000010 0.999980 0.000010
0.000010 0.999980 0.000010
0.000010 0.999980 0.000010
0.000010 0.999980 0.000010
0.000010 0.999980 0.000010
0.000010 0.999980 0.000010
0.000010 0.999980 0.000010
0.000014 0.999976 0.000010
0.000010 0.999980 0.000010
0.000010 0.999980 0.000010
0.000020 0.999970 0.000010
0.000010 0.999980 0.000010
0.000010 0.999980 0.000010
0.002043 0.997947 0.000010
0.000010 0.999980 0.000010
0.000010 0.999980 0.000010
0.000010 0.999980 0.000010
0.000015 0.999975 0.000010
0.000010 0.999980 0.000010
0.003940 0.996050 0.000010
0.000010 0.999980 0.000010
0.001503 0.998487 0.000010
0.824133 0.096137 0.079730
0.682347 0.141844 0.175808
0.834349 0.086644 0.079007
0.000010 0.999980 0.000010
0.000010 0.999980 0.000010
0.000010 0.999980 0.000010
0.000017 0.999973 0.000010
0.000010 0.999980 0.000010
0.001225 0.998765 0.000010
0.000016 0.999974 0.000010
0.001420 0.998570 0.000010
0.000010 0.999980 0.000010
0.000010 0.999980 0.000010
0.000010 0.999980 0.000010
0.006126 0.993864 0.000010
0.005592 0.994398 0.000010
0.000010 0.999980 0.000010
0.000010 0.999980 0.000010
0.000012 0.999978 0.000010
0.000010 0.999980 0.000010
0.000010 0.999980 0.000010
0.000014 0.999976 0.000010
0.000010 0.999980 0.000010
0.000010 0.999980 0.000010
0.004305 0.995685 0.000010
0.000014 0.999976 0.000010
0.000010 0.999980 0.000010
0.000010 0.999980 0.000010
0.000011 0.999979 0.000010
0.000010 0.999980 0.000010
0.000010 0.999980 0.000010
0.001587 0.998403 0.000010
0.000014 0.999976 0.000010
0.000016 0.999974 0.000010
0.000010 0.999980 0.000010
0.000010 0.999980 0.000010
0.002503 0.997487 0.000010
0.000010 0.999980 0.000010
0.784686 0.080803 0.134512
0.743243 0.096781 0.159976
0.848100 0.084010 0.067890
0.836050 0.090634 0.073317
0.000016 0.999974 0.000010
0.000010 0.999980 0.000010
0.000010 0.999980 0.000010
0.000010 0.999980 0.000010
0.000015 0.999975 0.000010
0.004185 0.995805 0.000010
0.000010 0.999980 0.000010
0.000010 0.999980 0.000010
0.000010 0.999980 0.000010
0.000010 0.999980 0.000010
0.000010 0.999980 0.000010
0.000010 0.999980 0.000010
0.000010 0.999980 0.000010
0.000010 0.999980 0.000010
0.000010 0.999980 0.000010
0.000010 0.999980 0.000010
0.000010 0.999980 0.000010
0.000010 0.999980 0.000010
0.007031 0.992959 0.000010
0.000010 0.999980 0.000010
0.000010 0.999980 0.000010
0.000012 0.999978 0.000010
0.000010 0.999980 0.000010
0.000010 0.999980 0.000010
0.000064 0.999926 0.000010
0.000010 0.999980 0.000010
0.000319 0.999671 0.000010
0.000015 0.999975 0.000010
0.907902 0.062280 0.029818
0.868129 0.091672 0.040200
0.750432 0.137418 0.112150
0.860653 0.071863 0.067483
0.870550 0.059490 0.069960
0.909239 0.040211 0.050550
0.793430 0.102508 0.104061
0.916636 0.029417 0.053947
0.771947 0.149182 0.078871
0.000010 0.999980 0.000010
0.000010 0.999980 0.000010
0.013557 0.986433 0.000010
0.000335 0.999655 0.000010
0.011295 0.988695 0.000010
0.000010 0.999980 0.000010
0.000010 0.999980 0.000010
0.000010 0.999980 0.000010
0.009324 0.990666 0.000010
0.006086 0.993904 0.000010
0.000596 0.999394 0.000010
0.000010 0.999980 0.000010
0.000010 0.999980 0.000010
0.004330 0.995660 0.000010
0.004020 0.995970 0.000010
0.885627 0.046591 0.067782
0.804686 0.095967 0.099347
0.687137 0.099118 0.213746
0.657269 0.129330 0.213402
0.681028 0.111948 0.207023
0.846417 0.101962 0.051621
0.815537 0.062879 0.121583
0.771399 0.095648 0.132952
0.838306 0.087331 0.074363
0.841985 0.099858 0.058157
0.561854 0.104452 0.333695
0.769929 0.069173 0.160898
0.870459 0.081644 0.047897
0.841817 0.080214 0.077969
0.807852 0.092045 0.100103
0.847449 0.105981 0.046570
0.858267 0.075038 0.066695
0.827646 0.096296 0.076058
0.872384 0.049224 0.078392
0.676554 0.132499 0.190946
0.750059 0.087186 0.162755
0.787226 0.137895 0.074879
0.703950 0.101380 0.194669
0.795065 0.108393 0.096542
0.791823 0.086105 0.122072
0.758015 0.121179 0.120806
0.749841 0.075460 0.174699
0.774823 0.078971 0.146206
0.664087 0.091457 0.244456
0.799907 0.093044 0.107049
0.825323 0.067545 0.107131
0.824073 0.096013 0.079914
0.825619 0.078114 0.096267
0.756980 0.091711 0.151309
0.766673 0.064298 0.169030
0.841913 0.077049 0.081037
0.878662 0.049799 0.071539
0.704211 0.065883 0.229905
0.308772 0.071476 0.619752
0.810822 0.077070 0.112108
0.785890 0.099575 0.114534
0.935973 0.042094 0.021933
0.800419 0.189560 0.010021
0.902762 0.067968 0.029271
0.745771 0.214137 0.040092
0.811089 0.123928 0.064982
0.658032 0.198585 0.143384
0.766034 0.143835 0.090130
0.761325 0.181695 0.056980
0.784477 0.151488 0.064035
0.890049 0.091355 0.018596
0.736891 0.154410 0.108700
0.730096 0.187261 0.082643
0.757482 0.225902 0.016616
0.623607 0.214796 0.161597
0.794520 0.164717 0.040762
0.595679 0.228486 0.175835
0.794473 0.151334 0.054193
0.606929 0.305138 0.087933
0.683352 0.135316 0.181332
0.779320 0.123722 0.096958
0.852620 0.059019 0.088361
0.676658 0.090774 0.232568
0.929048 0.046111 0.024841
0.784244 0.106546 0.109210
0.728478 0.105973 0.165549
0.888728 0.033187 0.078085
0.880658 0.070067 0.049275
0.804560 0.113181 0.082259
0.801975 0.126426 0.071599
0.784764 0.100214 0.115022
0.772320 0.105842 0.121838
0.665223 0.167313 0.167464
0.665648 0.147803 0.186549
0.703856 0.158175 0.137969
0.763601 0.156034 0.080365
0.870790 0.069456 0.059754
0.749790 0.081426 0.168784
0.896765 0.060609 0.042625
0.804447 0.092848 0.102705
0.812722 0.072842 0.114436
0.276598 0.042119 0.681283
0.461174 0.053064 0.485762
0.689134 0.121659 0.189206
0.823677 0.082531 0.093792
0.718659 0.206540 0.074801
0.812281 0.170458 0.017261
0.816121 0.142144 0.041735
0.643041 0.191267 0.165692
0.869157 0.122722 0.008121
0.798095 0.188981 0.012925
0.889221 0.084389 0.026389
0.684929 0.199203 0.115868
0.754470 0.178054 0.067475
0.771442 0.157303 0.071255
0.613976 0.226965 0.159060
0.952501 0.035395 0.012104
0.759080 0.229079 0.011842
0.824627 0.154011 0.021361
0.802558 0.168450 0.028991
0.773270 0.164726 0.062004
0.710021 0.079096 0.210884
0.743422 0.149197 0.107380
0.751395 0.140352 0.108253
0.715536 0.123465 0.160998
0.650853 0.114742 0.234405
0.863043 0.057895 0.079061
0.817418 0.063485 0.119097
0.799981 0.102244 0.097774
0.837731 0.038267 0.124001
0.793704 0.111446 0.094849
0.991872 0.008118 0.000010
0.621092 0.372460 0.006448
0.475698 0.157814 0.366488
0.702021 0.257558 0.040420
0.799508 0.144195 0.056298
0.683080 0.278338 0.038582
0.670212 0.257825 0.071963
0.792133 0.197569 0.010297
0.862268 0.110972 0.026761
0.901461 0.087311 0.011228
0.769312 0.176389 0.054299
0.762052 0.224777 0.013171
0.791757 0.170349 0.037894
0.773465 0.159475 0.067060
0.703676 0.172425 0.123898
0.608903 0.220936 0.170161
0.678068 0.192925 0.129006
0.705540 0.198280 0.096180
0.534355 0.336063 0.129583
0.751859 0.215099 0.033042
0.833950 0.158645 0.007406
0.657499 0.212820 0.129681
0.700830 0.207816 0.091354
0.687347 0.276330 0.036324
0.821516 0.153212 0.025272
0.794883 0.163211 0.041907
0.878236 0.064274 0.057489
0.533129 0.195501 0.271371
0.730570 0.113806 0.155624
0.712857 0.090986 0.196157
0.875743 0.052592 0.071665
0.709537 0.126577 0.163886
0.723913 0.124432 0.151655
0.722714 0.112674 0.164612
0.721213 0.115455 0.163332
0.816277 0.092218 0.091505
0.785638 0.144555 0.069807
0.748984 0.127105 0.123911
0.780985 0.082317 0.136698
0.742499 0.155052 0.102449
0.804880 0.168338 0.026782
0.618960 0.340181 0.040859
0.900708 0.089387 0.009905
0.949913 0.038870 0.011218
0.689355 0.147265 0.163380
0.712111 0.269775 0.018114
0.575143 0.371394 0.053463
0.697167 0.202060 0.100773
0.745409 0.197538 0.057054
0.702302 0.275628 0.022070
0.699615 0.254998 0.045387
0.686122 0.275459 0.038418
0.589976 0.246095 0.163930
0.505767 0.227576 0.266657
0.613357 0.218960 0.167683
0.873048 0.110784 0.016168
0.866118 0.121426 0.012455
0.880022 0.105560 0.014418
0.912251 0.061923 0.025826
0.469954 0.185542 0.344504
0.712089 0.258260 0.029651
0.763324 0.083256 0.153420
0.909717 0.076719 0.013564
0.892606 0.092230 0.015164
0.848264 0.124340 0.027396
0.635447 0.281421 0.083132
0.620324 0.273190 0.106487
0.746001 0.226755 0.027245
0.714324 0.239800 0.045877
0.987936 0.003517 0.008547
0.971486 0.000010 0.028504
0.986044 0.000010 0.013946
0.981357 0.008503 0.010140
0.986478 0.000010 0.013512
0.987024 0.000010 0.012966
0.983422 0.000010 0.016568
0.977419 0.004141 0.018440
0.999980 0.000010 0.000010
0.988836 0.002728 0.008436
0.999980 0.000010 0.000010
0.996798 0.000010 0.003192
0.996447 0.000010 0.003543
0.999980 0.000010 0.000010
0.999980 0.000010 0.000010
0.999980 0.000010 0.000010
0.982275 0.004529 0.013196
0.987592 0.000010 0.012398
0.966687 0.006887 0.026426
0.980226 0.000010 0.019764
0.986915 0.000010 0.013075
0.988506 0.000010 0.011484
0.975322 0.009864 0.014813
0.991642 0.000940 0.007418
0.790062 0.150538 0.059400
0.463651 0.157970 0.378380
0.542521 0.246828 0.210652
0.517296 0.475760 0.006944
0.685394 0.307945 0.006661
0.543256 0.449802 0.006942
0.350366 0.649624 0.000010
0.673825 0.269574 0.056601
0.571367 0.422082 0.006551
0.756543 0.243447 0.000010
0.723770 0.276220 0.000010
0.766887 0.231450 0.001663
0.796305 0.203685 0.000010
0.010742 0.989248 0.000010
0.015487 0.984503 0.000010
0.000018 0.999972 0.000010
0.000016 0.999974 0.000010
0.008474 0.991516 0.000010
0.005311 0.994679 0.000010
0.959944 0.021399 0.018657
0.986729 0.006525 0.006746
0.978789 0.018514 0.002696
0.978318 0.005074 0.016608
0.992101 0.000771 0.007128
0.986072 0.001161 0.012767
0.982479 0.000010 0.017511
0.975123 0.008637 0.016240
0.999980 0.000010 0.000010
0.992811 0.000010 0.007179
0.974393 0.009273 0.016334
0.977613 0.009352 0.013036
0.991143 0.000010 0.008847
0.983831 0.000010 0.016159
0.982908 0.000010 0.017082
0.984971 0.000010 0.015019
0.995010 0.000010 0.004980
0.970501 0.007780 0.021719
0.946294 0.000010 0.053696
0.938344 0.015933 0.045723
0.999980 0.000010 0.000010
0.990681 0.000010 0.009309
0.964036 0.000010 0.035954
0.961270 0.000010 0.038720
0.994729 0.000010 0.005261
0.979138 0.009652 0.011209
0.988907 0.005480 0.005613
0.997402 0.002588 0.000010
0.993583 0.000010 0.006407
0.985419 0.014543 0.000038
0.990029 0.000010 0.009961
0.991400 0.000010 0.008590
0.999980 0.000010 0.000010
0.993481 0.000010 0.006509
0.984909 0.000010 0.015081
0.987912 0.000010 0.012078
0.960447 0.000010 0.039543
0.953618 0.000010 0.046372
0.990475 0.000010 0.009515
0.980100 0.006787 0.013113
0.994642 0.005348 0.000010
0.999980 0.000010 0.000010
0.964728 0.013679 0.021593
0.978545 0.003216 0.018239
0.981161 0.000010 0.018829
0.983234 0.000010 0.016756
0.981674 0.000010 0.018316
0.985559 0.000010 0.014431
0.991445 0.001674 0.006881
0.999028 0.000962 0.000010
0.979898 0.009344 0.010758
0.972094 0.004882 0.023024
0.991640 0.000010 0.008350
0.984799 0.004269 0.010931
0.986304 0.000010 0.013686
0.988320 0.008972 0.002707
0.983997 0.000010 0.015993
0.973863 0.001556 0.024581
0.982732 0.000010 0.017258
0.999980 0.000010 0.000010
0.989758 0.000010 0.010232
0.987753 0.000010 0.012237
0.988946 0.006827 0.004226
0.992455 0.002866 0.004679
0.997947 0.000010 0.002043
0.992108 0.000010 0.007882
0.992946 0.000010 0.007044
0.987072 0.000010 0.012918
0.986174 0.003144 0.010682
0.997786 0.000010 0.002204
0.999980 0.000010 0.000010
0.999980 0.000010 0.000010
0.999980 0.000010 0.000010
0.000014 0.999976 0.000010
0.000017 0.999973 0.000010
0.000010 0.999980 0.000010
0.003206 0.996784 0.000010
0.000018 0.999972 0.000010
0.000014 0.999976 0.000010
0.000010 0.999980 0.000010
0.002775 0.997215 0.000010
0.002047 0.997943 0.000010
0.000010 0.999980 0.000010
0.000010 0.999980 0.000010
0.000014 0.999976 0.000010
0.000010 0.999980 0.000010
0.007883 0.992107 0.000010
0.000010 0.999980 0.000010
0.019066 0.980924 0.000010
0.015064 0.984926 0.000010
0.004119 0.995871 0.000010
0.000018 0.999972 0.000010
0.001857 0.998133 0.000010
0.000010 0.999980 0.000010
0.000013 0.999977 0.000010
0.024110 0.975880 0.000010
0.000010 0.999980 0.000010
0.006550 0.993440 0.000010
0.011389 0.988601 0.000010
0.015676 0.984314 0.000010
0.013819 0.986171 0.000010
0.008819 0.991171 0.000010
0.018412 0.981578 0.000010
0.016110 0.981145 0.002744
0.008871 0.991119 0.000010
0.011155 0.988835 0.000010
0.008647 0.991343 0.000010
0.017211 0.982779 0.000010
0.006323 0.993667 0.000010
0.025520 0.974470 0.000010
0.015427 0.984563 0.000010
0.008363 0.991627 0.000010
0.011990 0.988000 0.000010
0.004461 0.995529 0.000010
0.020257 0.977707 0.002036
0.009730 0.990260 0.000010
0.004775 0.995215 0.000010
0.024934 0.975056 0.000010
0.000010 0.999980 0.000010
0.013027 0.986963 0.000010
0.017649 0.982341 0.000010
0.026577 0.973413 0.000010
0.011290 0.988700 0.000010
0.016990 0.983000 0.000010
0.030021 0.969969 0.000010
0.000010 0.999980 0.000010
0.000739 0.999251 0.000010
0.000010 0.999980 0.000010
0.020467 0.979523 0.000010
0.163278 0.017944 0.818778
0.268572 0.176600 0.554828
0.044892 0.000010 0.955098
0.141409 0.000010 0.858581
0.060048 0.001450 0.938502
0.132867 0.001038 0.866094
0.028753 0.006065 0.965181
0.133968 0.000010 0.866022
0.446747 0.496583 0.056670
0.499215 0.392232 0.108553
0.108693 0.002967 0.888340
0.042013 0.000010 0.957977
0.109661 0.000010 0.890329
0.151474 0.011109 0.837418
0.071932 0.000010 0.928058
0.423017 0.575226 0.001758
0.481158 0.518832 0.000010
0.336375 0.663615 0.000010
0.496944 0.503046 0.000010
0.343623 0.656367 0.000010
0.384394 0.518507 0.097099
0.300299 0.699691 0.000010
0.364036 0.635954 0.000010
0.457465 0.542525 0.000010
0.454473 0.469284 0.076243
0.498029 0.501961 0.000010
0.528826 0.445530 0.025644
0.324904 0.675086 0.000010
0.495340 0.494283 0.010377
0.401711 0.555003 0.043287
0.436179 0.561762 0.002059
0.237811 0.755320 0.006869
0.459296 0.536408 0.004296
0.548684 0.427806 0.023510
0.336223 0.497319 0.166458
0.382797 0.570728 0.046475
0.305508 0.683441 0.011051
0.389786 0.605233 0.004981
0.370634 0.629356 0.000010
0.102809 0.000010 0.897181
0.146576 0.007365 0.846058
0.311937 0.688053 0.000010
0.524717 0.398843 0.076441
0.540672 0.451796 0.007532
0.337215 0.662775 0.000010
0.550255 0.446488 0.003258
0.477988 0.383275 0.138737
0.408103 0.569684 0.022213
0.349283 0.648069 0.002648
0.563075 0.427034 0.009891
0.475126 0.522214 0.002660
0.535019 0.464971 0.000010
0.489971 0.491439 0.018590
0.457483 0.537199 0.005318
0.094658 0.006873 0.898469
0.133338 0.003611 0.863051
0.449143 0.000010 0.550847
0.139620 0.017630 0.842750
0.090147 0.002263 0.907590
0.491248 0.495773 0.012980
0.373786 0.626204 0.000010
0.393029 0.604330 0.002641
0.474878 0.519161 0.005961
0.436648 0.559531 0.003821
0.454187 0.182560 0.363253
0.421043 0.569739 0.009218
0.167956 0.000010 0.832034
0.166007 0.000794 0.833199
0.079573 0.003160 0.917267
0.041702 0.002580 0.955718
0.133246 0.000010 0.866744
0.070606 0.929384 0.000010
0.027095 0.972895 0.000010
0.000395 0.999595 0.000010
0.012912 0.987078 0.000010
0.000020 0.999970 0.000010
0.004747 0.995243 0.000010
0.001344 0.998646 0.000010
0.008721 0.991269 0.000010
0.000011 0.999979 0.000010
0.011451 0.988539 0.000010
0.004034 0.995956 0.000010
0.018138 0.981852 0.000010
0.017011 0.982979 0.000010
0.017547 0.982443 0.000010
0.009272 0.990718 0.000010
0.012991 0.986999 0.000010
0.012276 0.987714 0.000010
0.019471 0.005378 0.975151
0.021591 0.008248 0.970161
0.065777 0.003903 0.930320
0.123912 0.013502 0.862586
0.025512 0.974478 0.000010
0.050248 0.949742 0.000010
0.022218 0.977772 0.000010
0.012849 0.987141 0.000010
0.000018 0.999972 0.000010
0.020134 0.978969 0.000897
0.030307 0.969683 0.000010
0.022971 0.977019 0.000010
0.014654 0.985336 0.000010
0.010696 0.989294 0.000010
0.028551 0.971439 0.000010
0.000010 0.999980 0.000010
0.019243 0.980747 0.000010
0.014187 0.985803 0.000010
0.000018 0.999972 0.000010
0.007568 0.992422 0.000010
0.022324 0.977666 0.000010
0.017344 0.982646 0.000010
0.015189 0.984801 0.000010
0.012205 0.987785 0.000010
0.000010 0.999980 0.000010
0.534957 0.454861 0.010182
0.514939 0.384457 0.100604
0.077800 0.009098 0.913101
0.426356 0.563508 0.010136
0.388990 0.609726 0.001284
0.365381 0.634609 0.000010
0.039379 0.000010 0.960611
0.191730 0.000010 0.808260
0.079837 0.007104 0.913059
0.015128 0.984862 0.000010
0.029482 0.970508 0.000010
0.022074 0.977916 0.000010
0.009185 0.990805 0.000010
0.000010 0.999980 0.000010
0.019224 0.980766 0.000010
0.019617 0.980373 0.000010
0.065113 0.929716 0.005171
0.019499 0.980491 0.000010
0.027634 0.972356 0.000010
0.015810 0.984180 0.000010
0.000010 0.998823 0.001167
0.013207 0.986783 0.000010
0.000010 0.999980 0.000010
0.020109 0.979881 0.000010
0.000010 0.999980 0.000010
0.096388 0.903602 0.000010
0.197376 0.000010 0.802614
0.072444 0.000010 0.927546
0.401783 0.597875 0.000342
0.354896 0.645094 0.000010
0.345290 0.654700 0.000010
0.015446 0.984544 0.000010
0.007369 0.992621 0.000010
0.020503 0.979487 0.000010
0.000012 0.999978 0.000010
0.000010 0.999980 0.000010
0.004427 0.995563 0.000010
0.003766 0.996224 0.000010
0.000013 0.999977 0.000010
0.000010 0.999980 0.000010
0.000010 0.999980 0.000010
0.008599 0.991391 0.000010
0.000010 0.999980 0.000010
0.008773 0.991217 0.000010
0.000017 0.999973 0.000010
0.000012 0.999978 0.000010
0.000010 0.999980 0.000010
0.000010 0.999980 0.000010
0.000010 0.999980 0.000010
0.000020 0.999970 0.000010
0.014762 0.985228 0.000010
0.987962 0.012028 0.000010
0.996842 0.000010 0.003148
0.988007 0.011983 0.000010
0.999980 0.000010 0.000010
0.987346 0.000816 0.011838
0.999980 0.000010 0.000010
0.998998 0.000010 0.000992
0.992241 0.000010 0.007749
0.979862 0.000010 0.020128
0.984815 0.000010 0.015175
0.984458 0.000010 0.015532
0.980619 0.000010 0.019371
0.982757 0.005230 0.012013
0.987379 0.003322 0.009299
0.000010 0.999980 0.000010
0.526665 0.463021 0.010314
0.622365 0.363929 0.013705
0.078279 0.000010 0.921711
0.208358 0.010027 0.781615
0.323679 0.676311 0.000010
0.422988 0.577002 0.000010
0.450680 0.549310 0.000010
0.359273 0.640717 0.000010
0.339143 0.658374 0.002483
0.325436 0.674554 0.000010
0.293703 0.706287 0.000010
0.350472 0.410306 0.239222
0.327236 0.671100 0.001664
0.509957 0.490033 0.000010
0.386324 0.611177 0.002500
0.050877 0.002308 0.946815
0.187313 0.004452 0.808235
0.198643 0.000010 0.801347
0.165215 0.000010 0.834775
0.467099 0.526727 0.006174
0.466911 0.525377 0.007712
0.347014 0.652976 0.000010
0.405665 0.594325 0.000010
0.595953 0.399266 0.004781
0.421764 0.578226 0.000010
0.459364 0.534069 0.006568
0.406835 0.544776 0.048390
0.068638 0.000010 0.931352
0.099620 0.000010 0.900370
0.114122 0.000010 0.885868
0.585801 0.412754 0.001445
0.087509 0.000010 0.912481
0.136158 0.002023 0.861819
0.048172 0.003284 0.948545
0.035951 0.010098 0.953951
0.131577 0.011746 0.856677
0.089154 0.000010 0.910836
0.048692 0.000010 0.951298
0.091151 0.016889 0.891961
0.079434 0.000010 0.920556
0.244829 0.015861 0.739310
0.112041 0.007041 0.880919
0.016301 0.006087 0.977612
0.231853 0.000010 0.768137
0.543065 0.389991 0.066944
0.438003 0.553749 0.008248
0.025208 0.974782 0.000010
0.000016 0.999974 0.000010
0.001220 0.998770 0.000010
0.000016 0.999974 0.000010
0.006555 0.993435 0.000010
0.007829 0.992161 0.000010
0.000019 0.999971 0.000010
0.000010 0.999980 0.000010
0.003382 0.996608 0.000010
0.011019 0.988971 0.000010
0.000010 0.997095 0.002895
0.005368 0.994622 0.000010
0.000010 0.999980 0.000010
0.000010 0.999980 0.000010
0.002633 0.997357 0.000010
0.004683 0.995307 0.000010
0.000010 0.999980 0.000010
0.004778 0.995212 0.000010
0.000018 0.999972 0.000010
0.005926 0.994064 0.000010
0.011435 0.988555 0.000010
0.004074 0.995916 0.000010
0.000019 0.999971 0.000010
0.000010 0.999980 0.000010
0.000014 0.999976 0.000010
0.000010 0.999980 0.000010
0.000019 0.999971 0.000010
0.000010 0.999980 0.000010
0.006429 0.993561 0.000010
0.000010 0.999980 0.000010
0.009373 0.990617 0.000010
0.007023 0.992967 0.000010
0.000018 0.999972 0.000010
0.001855 0.998135 0.000010
0.001967 0.998023 0.000010
0.044533 0.014323 0.941143
0.415165 0.018870 0.565965
0.565489 0.390827 0.043684
0.083216 0.000010 0.916774
0.097784 0.000010 0.902206
0.113396 0.032837 0.853767
0.043519 0.026109 0.930372
0.026826 0.000010 0.973164
0.177761 0.010822 0.811417
0.051424 0.022818 0.925757
0.083093 0.000010 0.916897
0.150257 0.008080 0.841663
0.020619 0.002142 0.977239
0.036153 0.010382 0.953465
0.000010 0.000010 0.999980
0.016881 0.000010 0.983109
0.069418 0.005875 0.924707
0.065311 0.003650 0.931039
0.148049 0.007864 0.844087
0.155564 0.000010 0.844426
0.079830 0.019315 0.900855
0.078584 0.013509 0.907907
0.109708 0.001611 0.888681
0.253878 0.000010 0.746112
0.123400 0.002285 0.874315
0.787396 0.207892 0.004712
0.759067 0.240923 0.000010
0.744041 0.240672 0.015287
0.761919 0.234646 0.003434
0.090674 0.000010 0.909316
0.052396 0.001494 0.946110
0.221546 0.000010 0.778444
0.189726 0.000010 0.810264
0.092830 0.006061 0.901108
0.064285 0.021822 0.913892
0.046348 0.015465 0.938187
0.013182 0.986808 0.000010
0.000239 0.999751 0.000010
0.005783 0.994207 0.000010
0.023468 0.976522 0.000010
0.173521 0.017054 0.809425
0.063221 0.000010 0.936769
0.181466 0.004164 0.814370
0.081070 0.006860 0.912069
0.072254 0.000010 0.927736
0.030093 0.000010 0.969897
0.105875 0.011995 0.882130
0.097931 0.006248 0.895821
0.064794 0.000010 0.935196
0.106575 0.000010 0.893415
0.033894 0.004402 0.961704
0.007052 0.000010 0.992938
0.022199 0.008474 0.969326
0.003015 0.008845 0.988141
0.015621 0.000525 0.983854
0.028293 0.000010 0.971697
0.051839 0.000010 0.948151
0.217102 0.003968 0.778931
0.142846 0.000010 0.857144
0.026224 0.003834 0.969942
0.000010 0.004890 0.995100
0.010300 0.000010 0.989690
0.016932 0.000010 0.983058
0.024795 0.000010 0.975195
0.021024 0.000010 0.978966
0.034466 0.000010 0.965524
0.022409 0.004204 0.973387
0.801231 0.193477 0.005292
0.700738 0.288291 0.010971
0.716454 0.275443 0.008103
0.787539 0.208258 0.004203
0.778374 0.221616 0.000010
0.001279 0.000010 0.998711
0.012625 0.000010 0.987365
0.046403 0.000010 0.953587
0.039732 0.015797 0.944471
0.019528 0.000010 0.980462
0.014601 0.000010 0.985389
0.019714 0.000010 0.980276
0.010310 0.000010 0.989680
0.001514 0.006858 0.991628
0.016376 0.002400 0.981223
0.023065 0.000010 0.976925
0.024198 0.001217 0.974584
0.022423 0.000010 0.977567
0.034852 0.000010 0.965138
0.012699 0.002676 0.984624
0.007296 0.000010 0.992694
0.797925 0.195259 0.006816
0.799350 0.200640 0.000010
0.782424 0.217566 0.000010
0.749856 0.250134 0.000010
0.794310 0.205680 0.000010
0.806900 0.193090 0.000010
0.735278 0.264712 0.000010
0.731526 0.268464 0.000010
0.751029 0.248961 0.000010
0.756521 0.243469 0.000010
0.001747 0.000010 0.998243
0.026143 0.000010 0.973847
0.006379 0.000010 0.993611
0.029734 0.003636 0.966630
0.036184 0.000010 0.963806
0.020287 0.000010 0.979703
0.794051 0.205939 0.000010
0.771334 0.228656 0.000010
0.706668 0.293322 0.000010
0.679766 0.320224 0.000010
0.677380 0.322610 0.000010
0.684944 0.315046 0.000010
0.766951 0.233039 0.000010
0.789487 0.207541 0.002972
0.793537 0.206453 0.000010
0.721923 0.278067 0.000010
0.781016 0.218974 0.000010
0.809089 0.184965 0.005946
0.757487 0.242503 0.000010
0.025917 0.005319 0.968764
0.003456 0.000010 0.996534
0.013385 0.000187 0.986429
0.000010 0.009980 0.990010
0.009258 0.006518 0.984224
0.003274 0.012941 0.983785
0.653656 0.346334 0.000010
0.644350 0.347137 0.008514
0.639584 0.349145 0.011271
0.649354 0.349425 0.001222
0.731089 0.268901 0.000010
0.758012 0.240472 0.001516
0.770894 0.222953 0.006153
0.762891 0.237099 0.000010
0.778839 0.221151 0.000010
0.018290 0.000010 0.981700
0.023297 0.000010 0.976693
0.021192 0.004973 0.973836
0.036878 0.000010 0.963112
0.024734 0.000010 0.975256
0.000010 0.003577 0.996413
0.009640 0.029796 0.960564
0.003418 0.000010 0.996572
0.013005 0.000010 0.986985
0.721986 0.278004 0.000010
0.664965 0.335025 0.000010
0.674142 0.325848 0.000010
0.700623 0.299367 0.000010
0.663790 0.336200 0.000010
0.679748 0.312591 0.007661
0.660789 0.329784 0.009427
0.667018 0.332972 0.000010
0.669506 0.330484 0.000010
0.659665 0.340325 0.000010
0.651119 0.344950 0.003931
0.684661 0.315329 0.000010
0.016434 0.000010 0.983556
0.032847 0.000010 0.967143
0.000010 0.016532 0.983458
0.008577 0.000010 0.991413
0.028650 0.000010 0.971340
0.035766 0.000010 0.964224
0.079064 0.000010 0.920926
0.016906 0.000010 0.983084
0.021580 0.000010 0.978410
0.015825 0.000010 0.984165
0.025039 0.002277 0.972684
0.030014 0.000010 0.969976
0.012795 0.000010 0.987195
0.023658 0.000010 0.976332
0.013113 0.007888 0.978999
0.023243 0.000010 0.976747
0.021094 0.006700 0.972207
0.013385 0.005518 0.981098
0.004244 0.000010 0.995746
0.025380 0.000010 0.974610
0.009820 0.000010 0.990170
0.020032 0.000010 0.979958
0.015227 0.000010 0.984763
0.021136 0.004936 0.973928
0.026674 0.000010 0.973316
0.025102 0.000010 0.974888
0.018799 0.000010 0.981191
0.011205 0.002298 0.986498
0.008915 0.006626 0.984460
0.003801 0.008127 0.988071
0.021856 0.003966 0.974177
0.000010 0.000010 0.999980
0.030862 0.000010 0.969128
0.030689 0.000010 0.969301
0.020940 0.000010 0.979050
0.010902 0.000010 0.989088
0.013350 0.000010 0.986640
0.000010 0.000010 0.999980
0.000010 0.000010 0.999980
0.000010 0.002334 0.997656
0.000010 0.000010 0.999980
0.000010 0.003465 0.996525
0.000010 0.000010 0.999980
0.000010 0.000010 0.999980
0.000010 0.000010 0.999980
0.000010 0.000010 0.999980
0.000010 0.005400 0.994590
0.000010 0.000010 0.999980
0.000010 0.000010 0.999980
0.000010 0.001174 0.998816
0.000010 0.000010 0.999980
0.000010 0.000010 0.999980
0.000010 0.000010 0.999980
0.000010 0.000010 0.999980
0.000010 0.000010 0.999980
0.000010 0.000010 0.999980
0.027347 0.000010 0.972643
0.005103 0.010394 0.984503
0.623098 0.376892 0.000010
0.627249 0.372741 0.000010
0.603804 0.396186 0.000010
0.582227 0.406710 0.011063
0.671121 0.328869 0.000010
0.676778 0.315758 0.007463
0.665425 0.334565 0.000010
0.689220 0.310103 0.000677
0.692844 0.307146 0.000010
0.709262 0.290728 0.000010
0.000612 0.008046 0.991342
0.000010 0.008220 0.991770
0.000010 0.000010 0.999980
0.005960 0.004593 0.989447
0.005113 0.001368 0.993519
0.021471 0.000010 0.978519
0.024887 0.000856 0.974257
0.033035 0.000311 0.966654
0.000010 0.004959 0.995031
0.014463 0.000010 0.985527
0.000010 0.000010 0.999980
0.007287 0.000010 0.992703
0.000010 0.000010 0.999980
0.000010 0.000010 0.999980
0.012163 0.000010 0.987827
0.001935 0.000010 0.998055
0.000010 0.000010 0.999980
0.000010 0.000010 0.999980
0.000010 0.002717 0.997273
0.009262 0.000010 0.990728
0.000010 0.000010 0.999980
0.000010 0.000010 0.999980
0.000010 0.000909 0.999081
0.000010 0.000010 0.999980
0.000010 0.000773 0.999217
0.000010 0.004419 0.995571
0.000010 0.000010 0.999980
0.000010 0.000010 0.999980
0.000010 0.002596 0.997394
0.000010 0.002151 0.997839
0.002622 0.000010 0.997368
0.006725 0.003393 0.989882
0.019412 0.000010 0.980578
0.007331 0.000010 0.992659
0.003681 0.000010 0.996309
0.000010 0.002469 0.997521
0.000010 0.000010 0.999980
0.000010 0.000010 0.999980
0.000010 0.000010 0.999980
0.000010 0.000010 0.999980
0.002605 0.005316 0.992079
0.000010 0.000010 0.999980
0.000014 0.000010 0.999976
0.000010 0.000010 0.999980
0.000010 0.005453 0.994537
0.000010 0.000010 0.999980
0.000015 0.000010 0.999975
0.002311 0.006389 0.991301
0.000010 0.000010 0.999980
0.000010 0.000010 0.999980
0.000010 0.000010 0.999980
0.000010 0.000010 0.999980
0.000010 0.000010 0.999980
0.000010 0.000010 0.999980
0.000010 0.000010 0.999980
0.000010 0.000010 0.999980
0.000010 0.000010 0.999980
0.000010 0.000010 0.999980
0.000010 0.004848 0.995142
0.000010 0.000010 0.999980
0.000010 0.000010 0.999980
0.000010 0.000010 0.999980
0.000010 0.000010 0.999980
0.000010 0.000010 0.999980
0.000010 0.000357 0.999633
0.005155 0.005280 0.989565
0.000010 0.000010 0.999980
0.000010 0.000010 0.999980
0.000010 0.000010 0.999980
0.000010 0.000010 0.999980
0.000010 0.000010 0.999980
0.000010 0.000010 0.999980
0.000010 0.000402 0.999588
0.000010 0.000010 0.999980
0.000010 0.000010 0.999980
0.000010 0.000010 0.999980
0.000010 0.000010 0.999980
0.000012 0.000010 0.999978
0.000010 0.000010 0.999980
0.000010 0.000010 0.999980
0.000010 0.001065 0.998925
0.000010 0.004341 0.995649
0.001417 0.000010 0.998573
0.000016 0.000010 0.999974
0.679597 0.320393 0.000010
0.688746 0.302980 0.008274
0.773639 0.224555 0.001806
0.743723 0.256267 0.000010
0.793804 0.205035 0.001161
0.805381 0.194609 0.000010
0.011902 0.000010 0.988088
0.002114 0.012268 0.985618
0.021906 0.007195 0.970899
0.020704 0.005747 0.973549
0.026461 0.002132 0.971406
0.033598 0.000010 0.966392
0.000010 0.000010 0.999980
0.000010 0.000010 0.999980
0.000010 0.000010 0.999980
0.000010 0.000010 0.999980
0.000010 0.000010 0.999980
0.000010 0.000010 0.999980
0.000010 0.000010 0.999980
0.001055 0.000010 0.998935
0.002897 0.000416 0.996686
0.000010 0.000010 0.999980
0.000010 0.000010 0.999980
0.001362 0.006678 0.991960
0.000014 0.000010 0.999976
0.000010 0.000010 0.999980
0.000010 0.000010 0.999980
0.000010 0.000010 0.999980
0.010042 0.000010 0.989948
0.000010 0.003446 0.996544
0.008574 0.005284 0.986142
0.004924 0.000010 0.995066
0.000014 0.000010 0.999976
0.000010 0.000010 0.999980
0.000010 0.000010 0.999980
0.000010 0.002625 0.997365
0.000010 0.000010 0.999980
0.000010 0.000010 0.999980
0.000010 0.000010 0.999980
0.000010 0.000010 0.999980
0.000010 0.000010 0.999980
0.000010 0.000010 0.999980
0.002590 0.000969 0.996441
0.000010 0.000010 0.999980
0.012791 0.000010 0.987199
0.003830 0.005176 0.990994
0.002822 0.000010 0.997168
0.002842 0.000548 0.996610
0.000010 0.000010 0.999980
0.000010 0.000010 0.999980
0.000010 0.000010 0.999980
0.000010 0.000010 0.999980
0.001175 0.000010 0.998815
0.016001 0.000010 0.983989
0.000010 0.000010 0.999980
0.000010 0.000010 0.999980
0.000010 0.000010 0.999980
0.000010 0.003706 0.996284
0.000010 0.002586 0.997404
0.001699 0.001385 0.996916
0.000010 0.000010 0.999980
0.014807 0.000010 0.985183
0.000010 0.000010 0.999980
0.000010 0.000010 0.999980
0.000010 0.000010 0.999980
0.007730 0.000010 0.992260
0.000010 0.000010 0.999980
0.009764 0.000010 0.990226
0.000011 0.000010 0.999979
0.009074 0.000010 0.990916
0.000010 0.000010 0.999980
0.000010 0.002489 0.997501
0.000010 0.000010 0.999980
0.000010 0.013565 0.986425
0.000010 0.000010 0.999980
0.004584 0.000505 0.994911
0.000010 0.000010 0.999980
0.000010 0.000010 0.999980
0.000010 0.000010 0.999980
0.000011 0.000010 0.999979
0.741090 0.258900 0.000010
0.775655 0.224335 0.000010
0.688472 0.310704 0.000824
0.000015 0.000010 0.999975
0.003229 0.000010 0.996761
0.011140 0.000010 0.988850
0.000010 0.000010 0.999980
0.000010 0.000010 0.999980
0.000010 0.000010 0.999980
0.000010 0.000010 0.999980
0.000010 0.002327 0.997663
0.003414 0.022008 0.974579
0.034475 0.015355 0.950170
0.000010 0.000010 0.999980
0.000010 0.016793 0.983197
0.001201 0.002838 0.995961
0.000010 0.001041 0.998949
0.004437 0.000010 0.995553
0.008542 0.007310 0.984149
0.003958 0.000010 0.996032
0.000530 0.000010 0.999460
0.004336 0.001363 0.994300
0.000718 0.000817 0.998465
0.000010 0.000010 0.999980
0.000010 0.003098 0.996892
0.000010 0.003550 0.996440
0.011767 0.000010 0.988223
0.004242 0.000010 0.995748
0.581793 0.415341 0.002865
0.600518 0.397191 0.002291
0.592458 0.407532 0.000010
0.587025 0.412965 0.000010
0.574096 0.425894 0.000010
0.609296 0.390694 0.000010
0.625656 0.371347 0.002997
0.580630 0.415064 0.004306
0.578437 0.421414 0.000149
0.590372 0.405568 0.004060
0.588360 0.411630 0.000010
0.594559 0.405431 0.000010
0.593160 0.389571 0.017269
0.820553 0.179437 0.000010
0.791419 0.208571 0.000010
0.811144 0.188846 0.000010
0.746848 0.252972 0.000181
0.743852 0.256138 0.000010
0.784789 0.215201 0.000010
0.753812 0.246178 0.000010
0.672734 0.327256 0.000010
0.622636 0.368655 0.008710
0.663771 0.328907 0.007322
0.657033 0.336635 0.006331
0.644691 0.354383 0.000926
0.631788 0.353829 0.014383
0.723337 0.276653 0.000010
0.677088 0.322902 0.000010
0.728394 0.271596 0.000010
0.665135 0.334855 0.000010
0.634523 0.365467 0.000010
0.631178 0.368812 0.000010
0.710379 0.289611 0.000010
0.684713 0.315277 0.000010
0.663804 0.336186 0.000010
0.677581 0.322409 0.000010
0.625145 0.366708 0.008147
0.666079 0.330509 0.003412
0.607328 0.391816 0.000856
0.626232 0.362663 0.011105
0.642230 0.350220 0.007550
0.662225 0.328599 0.009176
0.647241 0.347352 0.005406
0.657942 0.341366 0.000692
0.636828 0.358263 0.004909
0.644280 0.341782 0.013938
0.617526 0.370981 0.011492
0.633602 0.356550 0.009848
0.640402 0.357754 0.001844
0.653196 0.339042 0.007763
0.639144 0.349850 0.011006
0.652254 0.347736 0.000010
0.676362 0.323628 0.000010
0.696957 0.300923 0.002120
0.636819 0.355670 0.007511
0.677035 0.317779 0.005186
0.700626 0.299364 0.000010
0.678292 0.321698 0.000010
0.672980 0.323528 0.003492
0.750315 0.244619 0.005066
0.747083 0.249179 0.003739
0.735989 0.264001 0.000010
0.662732 0.329432 0.007835
0.625462 0.359182 0.015356
0.643107 0.356883 0.000010
0.643692 0.348589 0.007719
0.673657 0.326333 0.000010
0.681904 0.315951 0.002146
0.600334 0.379211 0.020456
0.673048 0.326942 0.000010
0.675067 0.318313 0.006619
0.656188 0.333381 0.010431
0.666370 0.320816 0.012814
0.655896 0.336251 0.007853
0.639816 0.360174 0.000010
0.653498 0.345090 0.001412
0.584297 0.415693 0.000010
0.633341 0.362401 0.004258
0.679961 0.314031 0.006009
0.754523 0.245467 0.000010
0.646272 0.347863 0.005865
0.664832 0.325733 0.009434
0.648920 0.342703 0.008376
0.663761 0.330585 0.005654
0.660886 0.338197 0.000917
0.662913 0.337077 0.000010
0.612848 0.376096 0.011056
0.665160 0.334830 0.000010
0.643295 0.341472 0.015233
0.785233 0.211432 0.003335
0.806900 0.193090 0.000010
0.609070 0.384246 0.006684
0.648081 0.349296 0.002623
0.653007 0.346983 0.000010
0.636256 0.363048 0.000696
0.685222 0.301511 0.013267
0.707449 0.285754 0.006797
0.670004 0.326827 0.003169
0.648080 0.351910 0.000010
0.675379 0.322450 0.002171
0.697096 0.287272 0.015632
0.650937 0.349053 0.000010
0.673383 0.319990 0.006627
0.657005 0.341826 0.001169
0.651135 0.347323 0.001542
0.673331 0.326659 0.000010
0.633077 0.365726 0.001197
0.688638 0.311352 0.000010
0.711429 0.288561 0.000010
0.678119 0.321871 0.000010
0.686752 0.310033 0.003215
0.615466 0.384524 0.000010
0.538950 0.461040 0.000010
0.530903 0.464622 0.004475
0.597344 0.402646 0.000010
0.592979 0.404395 0.002625
0.593429 0.402135 0.004435
0.586993 0.412997 0.000010
0.610665 0.389325 0.000010
0.614224 0.385766 0.000010
0.598742 0.401248 0.000010
0.583828 0.416162 0.000010
0.593904 0.406086 0.000010
0.587185 0.404185 0.008630
0.630739 0.369251 0.000010
0.596050 0.401764 0.002187
0.602048 0.392377 0.005576
0.595844 0.403267 0.000889
0.561018 0.438972 0.000010
0.567097 0.432893 0.000010
0.602086 0.391832 0.006082
0.678146 0.316851 0.005003
0.643513 0.356477 0.000010
0.617530 0.374199 0.008272
0.659592 0.340398 0.000010
